0, 4, 8, 12, 16, 20, 24, 27, 31, 35,
39, 43, 47, 50, 54, 58, 62, 66, 69, 73, 
77, 80, 84, 87, 91, 94, 98, 101, 104, 108, 
111, 114, 118, 121, 124, 127, 130, 133, 136, 139,

141, 144, 147, 150, 152, 155, 157, 159, 162, 164, 
166, 168, 171, 173, 174, 176, 178, 180, 182, 183, 
185, 186, 188, 189, 190, 191, 192, 194, 194, 195, 
196, 197, 198, 198, 199, 199, 199, 200, 200, 200, 

200, 200, 200, 200, 199, 199, 199, 198, 198, 197, 
196, 195, 194, 194, 192, 191, 190, 189, 188, 186, 
185, 183, 182, 180, 178, 176, 174, 173, 171, 168, 
166, 164, 162, 159, 157, 155, 152, 150, 147, 144,
 
141, 139, 136, 133, 130, 127, 124, 121, 118, 114, 
111, 108, 104, 101, 98, 94, 91, 87, 84, 80, 
77, 73, 69, 66, 62, 58, 54, 50, 47, 43, 39, 
35, 31, 27, 24, 20, 16, 12, 8, 0